1691135417128 14409.364366778454 0
1691135417129 11685.55006287169 0
1691135417129 9475.943185733675 0
1691135417130 7684.611868601427 0
1691135417131 6232.713422569709 0
1691135417132 5054.338015568005 0
1691135417133 4099.742381693272 0
1691135417133 3325.6215143902255 0
1691135417134 2697.0693906828433 0
1691135417135 2187.873251812052 0
1691135417136 1774.121022605526 0
1691135417136 1438.8989266484061 0
1691135417137 1167.3247370606052 0
1691135417138 946.8879181017508 0
1691135417139 767.9391465445873 0
1691135417139 622.9658515991647 0
1691135417140 505.41898291886923 0
1691135417141 410.09633272558557 0
1691135417141 332.70675908047525 0
1691135417142 269.9592472522658 0
1691135417143 219.07239320530192 0
1691135417143 177.74082345912583 0
1691135417144 144.2697939492317 0
1691135417145 117.09238303576288 0
1691135417146 95.04722294960564 0
1691135417146 77.15921827164388 0
1691135417147 62.65015755579979 0
1691135417148 50.880625648519825 0
1691135417148 41.333149377880964 0
1691135417149 33.589749292466124 0
1691135417150 27.303529754319843 0
1691135417151 22.208969180549413 0
1691135417152 18.074424526289548 0
1691135417152 14.715636922288091 0
1691135417153 11.993550796505403 0
1691135417154 9.78278651159917 0
1691135417154 7.9844344733052655 0
1691135417155 6.528356277806844 0
1691135417156 5.34239355971574 0
1691135417157 4.3813915866618744 0
1691135417157 3.6011667665447744 0
1691135417158 2.9673603616067084 0
1691135417159 2.4530325735441605 0
1691135417160 2.034721669374302 0
1691135417161 1.695624127801208 0
1691135417162 1.420168045003253 0
1691135417163 1.1965714445764215 0
1691135417164 1.0147440055979435 0
1691135417165 0.8673731065135638 0
1691135417166 0.7476322665203597 0
1691135417167 0.650237253682104 0
1691135417168 0.5711767694821667 0
1691135417169 0.506512730154646 0
1691135417171 0.45402910493172716 0
1691135417172 0.4113814509340204 0
1691135417173 0.3764889012641511 0
1691135417174 0.34786160641795943 0
1691135417175 0.3246003139972074 0
1691135417176 0.3052797699884012 0
1691135417177 0.2896362792572516 0
1691135417178 0.2765096113029832 0
1691135417179 0.264767049345101 0
1691135417180 0.25570835901317407 0
1691135417181 0.24798325395813267 0
1691135417182 0.2408687648218959 0
1691135417183 0.23518576428198615 0
1691135417185 0.22936481280901572 0
1691135417186 0.22570419063555722 0
1691135417186 0.22179719735458592 0
1691135417187 0.21825159764943727 0
1691135417188 0.2147201873467856 0
1691135417189 0.2109112961002135 0
1691135417190 0.20889864320817456 0
1691135417191 0.2073354307421314 0
1691135417192 0.20581500691576335 0
1691135417193 0.20405500090924145 0
1691135417194 0.2021362908138905 0
1691135417195 0.20084610152063867 0
1691135417196 0.19947220910771218 0
1691135417196 0.19793540182513467 0
1691135417197 0.19718881916218217 0
1691135417198 0.1963394180562267 0
1691135417199 0.1945239145156505 0
1691135417199 0.19401546914360773 0
1691135417200 0.1928806922855823 0
1691135417201 0.19190560767545192 0
1691135417202 0.19027578794842775 0
1691135417203 0.18824437997096471 0
1691135417203 0.18734407343115395 0
1691135417204 0.18659029699571192 0
1691135417205 0.18604512972060966 0
1691135417205 0.1846368244333314 0
1691135417206 0.18385870366285326 0
1691135417207 0.1822642006930961 0
1691135417208 0.18173369917760188 0
1691135417208 0.18007242601941176 0
1691135417209 0.17890975548279062 0
1691135417210 0.17756326618218757 0
1691135417210 0.17685362784596206 0
1691135417211 0.17623260929190357 0
