1691135437134 14415.514251059358 0
1691135437135 11786.630891617724 0
1691135437136 9558.627878511736 0
1691135437137 7749.908310189087 0
1691135437137 6300.198291921239 0
1691135437138 5110.748248230267 0
1691135437139 4144.041410442663 0
1691135437140 3363.4493911591476 0
1691135437141 2727.0892971966573 0
1691135437142 2213.170277927425 0
1691135437142 1804.6249444130638 0
1691135437143 1465.7115491996758 0
1691135437144 1188.6457436671549 0
1691135437145 964.3560406533315 0
1691135437145 783.6660923355338 0
1691135437146 638.3441511223878 0
1691135437147 518.2714470281339 0
1691135437147 423.70168729101215 0
1691135437148 345.8254884036241 0
1691135437149 281.3907333924096 0
1691135437150 228.78271149085532 0
1691135437150 186.6311875190085 0
1691135437152 151.8637801622622 0
1691135437152 123.72072907408663 0
1691135437153 101.72024599275385 0
1691135437154 83.10081150749774 0
1691135437155 67.91369052039991 0
1691135437155 55.59237613491083 0
1691135437156 45.575196041285864 0
1691135437157 37.47927115633861 0
1691135437157 30.857625771686244 0
1691135437158 25.477068636245864 0
1691135437159 21.169621854483815 0
1691135437160 17.690341799952172 0
1691135437160 14.827344281975531 0
1691135437161 12.462245814501937 0
1691135437162 10.670134649544384 0
1691135437163 9.103298835605521 0
1691135437164 7.785405632881916 0
1691135437165 6.70803958090525 0
1691135437166 5.879968270111853 0
1691135437167 5.149693239293534 0
1691135437168 4.552697229911633 0
1691135437169 4.066694118530337 0
1691135437170 3.6571876552878444 0
1691135437171 3.3150633663072737 0
1691135437173 3.032593348042848 0
1691135437174 2.8026851949686575 0
1691135437175 2.6144581837317897 0
1691135437176 2.467928747663038 0
1691135437177 2.3212020814249805 0
1691135437178 2.18862223669192 0
1691135437179 2.083674338308413 0
1691135437180 2.005762174082234 0
1691135437181 1.9369711980110333 0
1691135437182 1.885340602747203 0
1691135437183 1.8340988296103247 0
1691135437184 1.7853003949954507 0
1691135437185 1.7461491403333749 0
1691135437187 1.716199734407391 0
1691135437187 1.689732513513093 0
1691135437188 1.6695849202475084 0
1691135437189 1.6301536642371253 0
1691135437190 1.6046420429456887 0
1691135437191 1.590034001834008 0
1691135437192 1.5693849426318423 0
1691135437193 1.5536340911314321 0
1691135437194 1.543270072470568 0
1691135437195 1.5330631696712498 0
1691135437196 1.52196944168407 0
1691135437196 1.4894402098746153 0
1691135437197 1.481023809871169 0
1691135437198 1.4702483268904962 0
1691135437199 1.4620295680252005 0
1691135437199 1.4545688724194383 0
1691135437200 1.4228137289764626 0
1691135437201 1.4130061231753626 0
1691135437202 1.405402236697211 0
1691135437202 1.392144642720387 0
1691135437203 1.3797727262867896 0
1691135437204 1.3694147366325689 0
1691135437204 1.3658778366722335 0
1691135437205 1.36151245832398 0
1691135437206 1.3575872776237397 0
1691135437207 1.3538600265091218 0
1691135437208 1.330984072662947 0
1691135437208 1.328664954492114 0
1691135437209 1.3066184462698294 0
1691135437210 1.3031765577002488 0
1691135437211 1.2970015423088164 0
1691135437211 1.2955529139668824 0
1691135437212 1.2788151721547314 0
1691135437213 1.2764015579656318 0
1691135437213 1.2745486590726558 0
1691135437214 1.255715966567479 0
1691135437215 1.2349862970566077 0
1691135437216 1.2330777127061894 0
1691135437216 1.2323695209989145 0
1691135437217 1.2311925752026813 0
1691135437218 1.227035168188718 0
