1691135413170 14500.780528192628 0
1691135413171 11800.246043403775 0
1691135413172 9606.207036225615 0
1691135413172 7859.466406488254 0
1691135413174 6417.584029858661 0
1691135413174 5275.9576846509135 0
1691135413175 4294.336023699619 0
1691135413176 3508.025016269318 0
1691135413176 2903.862413871368 0
1691135413177 2366.387316667322 0
1691135413178 1952.8361544188945 0
1691135413178 1621.216402071311 0
1691135413179 1324.5832801398103 0
1691135413180 1081.6947346598188 0
1691135413181 920.2419094605011 0
1691135413181 761.4696387695647 0
1691135413182 630.5579780203681 0
1691135413183 515.1582236579583 0
1691135413183 423.0743312542794 0
1691135413184 346.2540299968871 0
1691135413185 283.67826518378024 0
1691135413185 233.86236523640196 0
1691135413186 198.7338314437678 0
1691135413187 163.2645810664063 0
1691135413188 137.2906209914506 0
1691135413188 113.86031860281659 0
1691135413189 97.17865810138316 0
1691135413190 81.23300889462386 0
1691135413190 68.30905306807027 0
1691135413191 58.13023058822754 0
1691135413192 51.65715771283822 0
1691135413193 43.61467035381179 0
1691135413194 37.410731590055995 0
1691135413195 32.95928856604401 0
1691135413196 28.309592041391603 0
1691135413197 25.881641307181734 0
1691135413198 22.58698854203771 0
1691135413199 19.65506004304031 0
1691135413200 17.317614542833155 0
1691135413201 15.178503049601288 0
1691135413202 14.254336259729556 0
1691135413203 12.656133654033246 0
1691135413204 11.34281775107139 0
1691135413204 10.356787928275441 0
1691135413205 9.399118855844721 0
1691135413206 9.031174655710226 0
1691135413206 8.373199962570933 0
1691135413207 7.76600655091835 0
1691135413208 7.239694449211453 0
1691135413209 6.8146094920844975 0
1691135413209 6.532103036315486 0
1691135413210 6.215694076182357 0
1691135413211 5.923253028672603 0
1691135413211 5.702610293294699 0
1691135413212 5.47414124719815 0
1691135413213 5.303033430654784 0
1691135413213 5.210071188581308 0
1691135413214 5.039978574528633 0
1691135413215 4.851181632778107 0
1691135413215 4.731294166377559 0
1691135413216 4.602618248990516 0
1691135413217 4.48949114429323 0
1691135413218 4.382631099699705 0
1691135413218 4.322442722772813 0
1691135413219 4.245682358218497 0
1691135413220 4.169114253574443 0
1691135413221 4.091273325324365 0
1691135413221 4.044345505031885 0
1691135413222 3.980417409656946 0
1691135413223 3.9304728354364884 0
1691135413223 3.8992675780288115 0
1691135413224 3.8368969226105305 0
1691135413225 3.8131479523485448 0
1691135413226 3.7852861019666144 0
1691135413226 3.758951980651172 0
1691135413227 3.727881249815267 0
1691135413228 3.691172000690818 0
1691135413228 3.659837041712301 0
1691135413229 3.62677990903663 0
1691135413230 3.6077630916294474 0
1691135413231 3.5797627905950793 0
1691135413231 3.5656489062131005 0
1691135413232 3.5372791113540996 0
1691135413233 3.5277157491484377 0
1691135413233 3.5122809717336745 0
1691135413234 3.490921911466697 0
1691135413235 3.4768380541621946 0
1691135413236 3.4604909294722725 0
1691135413236 3.4453490034271628 0
1691135413237 3.434659751351679 0
1691135413238 3.428446962646349 0
1691135413238 3.4155517669111166 0
1691135413239 3.400926729021786 0
1691135413240 3.384954635397365 0
1691135413241 3.3807094636271673 0
1691135413242 3.3680984668910448 0
1691135413243 3.3393176967855136 0
1691135413244 3.3323550200875864 0
1691135413244 3.3106356974429554 0
1691135413245 3.306675829279495 0
