1691135403624 14458.294602320846 0
1691135403626 11768.689764120161 0
1691135403627 9579.1369578749 0
1691135403628 7800.864267438685 0
1691135403629 6346.2253400645395 0
1691135403630 5171.329611305079 0
1691135403631 4208.204369191948 0
1691135403632 3427.4187228262977 0
1691135403633 2791.0305133918046 0
1691135403635 2274.3106471870747 0
1691135403636 1852.7148281744442 0
1691135403637 1509.1746590997382 0
1691135403638 1229.3642172750463 0
1691135403639 1002.233504235788 0
1691135403640 816.3607384329399 0
1691135403641 666.0729209515031 0
1691135403642 542.9245669954942 0
1691135403643 443.1556233950243 0
1691135403645 361.7964840768214 0
1691135403646 295.2545074051312 0
1691135403647 241.27655630043716 0
1691135403648 196.9730635294756 0
1691135403649 160.9288229008991 0
1691135403650 131.71838136554538 0
1691135403651 107.69124519470175 0
1691135403653 88.26265936239363 0
1691135403654 72.30246412013312 0
1691135403655 59.272836504254585 0
1691135403656 48.68740760204865 0
1691135403657 40.03991754855824 0
1691135403658 32.9307260647718 0
1691135403659 27.162037334270387 0
1691135403660 22.413622777829012 0
1691135403662 18.546409517520818 0
1691135403663 15.388242256520316 0
1691135403664 12.79342867924544 0
1691135403665 10.689817913617315 0
1691135403666 8.970458314340666 0
1691135403667 7.549867752745813 0
1691135403669 6.378595120131849 0
1691135403670 5.425046362175902 0
1691135403671 4.642569768053823 0
1691135403672 4.005091363173577 0
1691135403673 3.4868024752465794 0
1691135403674 3.0542812632167933 0
1691135403675 2.7015709686658305 0
1691135403676 2.4127476807597823 0
1691135403677 2.1772844153512625 0
1691135403678 1.9795979135456092 0
1691135403679 1.818369301761321 0
1691135403681 1.686181578733243 0
1691135403682 1.5768581525616148 0
1691135403683 1.4875401631823886 0
1691135403684 1.4136893334344371 0
1691135403685 1.3525456240675258 0
1691135403686 1.30259757423436 0
1691135403687 1.2609822327260205 0
1691135403689 1.225748752837679 0
1691135403690 1.1973784269590073 0
1691135403691 1.1697184300922452 0
1691135403692 1.1471309136104715 0
1691135403693 1.1278671830803741 0
1691135403694 1.1094206748157986 0
1691135403695 1.095768475212686 0
1691135403696 1.0839434285254885 0
1691135403697 1.0738241499627792 0
1691135403699 1.0648560736202684 0
1691135403700 1.0549033694239154 0
1691135403701 1.0450220661812426 0
1691135403702 1.0386074094934008 0
1691135403703 1.031451038758374 0
1691135403704 1.0256451081261233 0
1691135403705 1.0156992147681267 0
1691135403706 1.0111340525312027 0
1691135403707 1.0073759117838437 0
1691135403709 0.9987456377605209 0
1691135403711 0.9961260612446035 0
1691135403712 0.9919732697337399 0
1691135403713 0.9809220326719831 0
1691135403715 0.9739305984492215 0
1691135403716 0.9615322122649226 0
1691135403717 0.9551720536077579 0
1691135403719 0.9518435394446955 0
1691135403720 0.9504289099798048 0
1691135403721 0.9470213572414351 0
1691135403722 0.9438067496804973 0
1691135403724 0.9414854689321314 0
1691135403725 0.9292550182322336 0
1691135403726 0.9279952557520202 0
1691135403728 0.9260563930062592 0
1691135403729 0.9248822224197927 0
1691135403731 0.9150989120695807 0
1691135403732 0.9140970805248538 0
1691135403733 0.9126274956057159 0
1691135403741 0.9116816790254683 0
1691135403742 0.9068135932965239 0
1691135403743 0.9059550751043867 0
1691135403750 0.9042778004751582 0
1691135403751 0.8984417771995595 0
1691135403752 0.8968310577554063 0
