1691135424673 14433.758660619698 0
1691135424674 11745.780302528294 0
1691135424675 9531.684743617347 0
1691135424675 7806.1320650655925 0
1691135424676 6420.524113771241 0
1691135424677 5213.750503903923 0
1691135424678 4240.314962705299 0
1691135424679 3446.230913136856 0
1691135424679 2811.8769683027035 0
1691135424680 2304.846315999637 0
1691135424681 1874.2372764843021 0
1691135424681 1533.053311875564 0
1691135424682 1271.278972020079 0
1691135424683 1037.654489745425 0
1691135424684 843.9917264981736 0
1691135424684 687.2015399783554 0
1691135424685 558.588130488671 0
1691135424686 455.84414055967244 0
1691135424687 376.0471860905944 0
1691135424687 306.66926525027674 0
1691135424688 251.58750012034423 0
1691135424689 207.5490384678392 0
1691135424689 169.60976797079604 0
1691135424690 139.0828669999573 0
1691135424691 114.39048449223824 0
1691135424691 94.2552153170916 0
1691135424692 78.72202939958305 0
1691135424693 65.30836133377488 0
1691135424694 54.777330777455624 0
1691135424694 45.55718815154876 0
1691135424695 38.15179460012717 0
1691135424696 31.902635481344316 0
1691135424696 26.95910846071348 0
1691135424697 23.179761283905613 0
1691135424698 19.763560085970965 0
1691135424699 17.009678971814974 0
1691135424699 14.646008081352877 0
1691135424700 12.683161223040283 0
1691135424701 11.069772467218574 0
1691135424702 9.820145584537306 0
1691135424702 8.835952743097081 0
1691135424703 7.943078569291438 0
1691135424704 7.214895593538172 0
1691135424705 6.564479996072738 0
1691135424705 6.030595704828402 0
1691135424706 5.563335221236434 0
1691135424707 5.188958737208084 0
1691135424707 4.897822442145886 0
1691135424708 4.646938025268201 0
1691135424709 4.4212802917265215 0
1691135424710 4.238506096230357 0
1691135424710 4.095698421225018 0
1691135424711 3.9577355005339943 0
1691135424712 3.8336524945940655 0
1691135424712 3.731070783953253 0
1691135424713 3.631449433364713 0
1691135424714 3.5400068211792766 0
1691135424715 3.476730447218905 0
1691135424715 3.4076978381564444 0
1691135424716 3.3464043862439015 0
1691135424717 3.304319557077962 0
1691135424718 3.2536332574637283 0
1691135424718 3.2126016736488485 0
1691135424719 3.178940604416995 0
1691135424720 3.1522249473023285 0
1691135424721 3.116970937822355 0
1691135424721 3.0952875907112922 0
1691135424722 3.078597178170239 0
1691135424723 3.0401180121066482 0
1691135424723 3.001689444151453 0
1691135424724 2.9831859439763093 0
1691135424725 2.9564694474442215 0
1691135424726 2.9340347995181166 0
1691135424726 2.926379837530819 0
1691135424727 2.9158228745131285 0
1691135424728 2.8967456186607086 0
1691135424729 2.867301446043313 0
1691135424729 2.8492257259439038 0
1691135424730 2.8446330456039144 0
1691135424731 2.8404470758886444 0
1691135424732 2.825401213202585 0
1691135424732 2.815790674716103 0
1691135424733 2.808416932013479 0
1691135424734 2.7996879967984296 0
1691135424734 2.797273854612675 0
1691135424735 2.790243119001551 0
1691135424736 2.788352773040499 0
1691135424737 2.7659656649507727 0
1691135424737 2.7584987341324854 0
1691135424738 2.746044884005028 0
1691135424739 2.7387504860182705 0
1691135424739 2.733741263381108 0
1691135424740 2.710466772835745 0
1691135424741 2.703841098024833 0
1691135424741 2.7022869344714273 0
1691135424742 2.699827076177524 0
1691135424743 2.69241820306683 0
1691135424744 2.6701417178230042 0
1691135424745 2.665492387491595 0
1691135424746 2.65203989548037 0
