1691135409853 14458.294602320846 0
1691135409854 11768.689764120161 0
1691135409855 9579.136957874898 0
1691135409856 7800.864267438685 0
1691135409856 6346.225340064541 0
1691135409857 5171.329611305079 0
1691135409858 4253.372568892764 0
1691135409859 3499.0340921921998 0
1691135409859 2941.153303904246 0
1691135409860 2411.622382080456 0
1691135409861 2015.9295129818408 0
1691135409862 1647.6877172373631 0
1691135409863 1348.5713311853096 0
1691135409863 1099.9119576818453 0
1691135409864 896.824341829263 0
1691135409865 738.7324953769576 0
1691135409866 605.8495792920922 0
1691135409866 496.00585290863296 0
1691135409867 405.3113795303714 0
1691135409868 331.3017163498602 0
1691135409868 272.08834610986605 0
1691135409869 222.83828634336777 0
1691135409870 182.65990295542161 0
1691135409871 149.91955984601552 0
1691135409871 123.10904654916699 0
1691135409872 101.29683212966523 0
1691135409873 83.48468652005285 0
1691135409873 68.9293052210162 0
1691135409874 57.27591931605926 0
1691135409875 47.63567953725393 0
1691135409876 39.988987819319014 0
1691135409876 33.43194062531442 0
1691135409877 29.051624565816354 0
1691135409878 24.599327299513497 0
1691135409879 21.071632047241096 0
1691135409879 17.952671216483672 0
1691135409880 15.444680866415366 0
1691135409881 13.447680375108602 0
1691135409881 11.753233809993745 0
1691135409882 10.267340861121875 0
1691135409883 9.219058567775063 0
1691135409884 8.20069602482486 0
1691135409884 7.351092719485741 0
1691135409885 6.656441066837412 0
1691135409886 6.084891765978526 0
1691135409886 5.6057020504262915 0
1691135409887 5.198910677630523 0
1691135409888 4.8876881839440225 0
1691135409889 4.578819163508335 0
1691135409890 4.490002913650098 0
1691135409891 4.244532887099042 0
1691135409891 4.0407595459988865 0
1691135409892 3.865156837359581 0
1691135409893 3.719368941799828 0
1691135409894 3.5786170281003615 0
1691135409894 3.466588705443006 0
1691135409895 3.3628007641765327 0
1691135409896 3.2472581193218852 0
1691135409896 3.174163032358023 0
1691135409897 3.081833961954616 0
1691135409898 3.0209575843826224 0
1691135409899 2.9698749258264963 0
1691135409899 2.9176681023069815 0
1691135409900 2.8778558814697512 0
1691135409901 2.8378775682675457 0
1691135409901 2.8014912991368046 0
1691135409902 2.7613224133486844 0
1691135409903 2.7357295395459746 0
1691135409903 2.6946394050267743 0
1691135409904 2.6675154402614605 0
1691135409905 2.631845852137941 0
1691135409906 2.614560561378195 0
1691135409906 2.597996404609269 0
1691135409907 2.5687437514868154 0
1691135409908 2.557087528987892 0
1691135409908 2.5441623735191894 0
1691135409909 2.5290654962975347 0
1691135409910 2.516751069984372 0
1691135409911 2.508664787416903 0
1691135409911 2.494368552400744 0
1691135409912 2.486713934000618 0
1691135409913 2.4795576977542355 0
1691135409913 2.4709835526721458 0
1691135409914 2.456910582566674 0
1691135409915 2.447743569252109 0
1691135409916 2.4407760248750217 0
1691135409916 2.436521935930348 0
1691135409917 2.4288167353392227 0
1691135409918 2.424821803240983 0
1691135409918 2.415794795680997 0
1691135409919 2.4005256279186002 0
1691135409920 2.3918652846187607 0
1691135409921 2.3883089720442587 0
1691135409921 2.3788104806362886 0
1691135409922 2.3733802922227163 0
1691135409923 2.3691454511441763 0
1691135409923 2.3636564927504438 0
1691135409924 2.3615460757747333 0
1691135409925 2.3561779201408517 0
1691135409926 2.3522624907806113 0
