1691135420956 14471.224199262571 0
1691135420957 11739.626209578048 0
1691135420958 9529.931869661783 0
1691135420959 7728.752156741825 0
1691135420960 6291.856490905758 0
1691135420961 5118.504657108608 0
1691135420961 4156.070378701853 0
1691135420962 3375.8563972822444 0
1691135420963 2740.150142383275 0
1691135420964 2224.578688571221 0
1691135420964 1806.065861413941 0
1691135420965 1466.1651080226056 0
1691135420966 1193.943681048176 0
1691135420966 970.7778788031569 0
1691135420967 789.0314746114644 0
1691135420968 641.2891271558667 0
1691135420969 524.4538010161764 0
1691135420969 426.1936018264538 0
1691135420970 346.2332832529719 0
1691135420971 281.81270101693855 0
1691135420971 229.319475522491 0
1691135420972 188.09120361699883 0
1691135420973 153.23779736365728 0
1691135420974 124.86594112211145 0
1691135420974 101.81340691069127 0
1691135420975 82.92771546640074 0
1691135420976 67.68685973869697 0
1691135420976 55.239371837860425 0
1691135420977 45.41121448389648 0
1691135420978 37.23649284368642 0
1691135420978 30.517309873803388 0
1691135420979 25.12674721969539 0
1691135420980 20.69415806606558 0
1691135420981 17.099293680882067 0
1691135420981 14.16199595557246 0
1691135420982 11.779884987977308 0
1691135420983 9.842311578775359 0
1691135420983 8.266119648946251 0
1691135420984 6.973715177534185 0
1691135420985 5.934527733544498 0
1691135420985 5.076191295687304 0
1691135420986 4.379412332585013 0
1691135420987 3.8140112536393658 0
1691135420988 3.3393764630915266 0
1691135420988 2.950698668936979 0
1691135420989 2.630894841583912 0
1691135420990 2.3782336993104805 0
1691135420990 2.1645580457782425 0
1691135420991 1.9887600924091882 0
1691135420992 1.8430565382147024 0
1691135420992 1.708190404848795 0
1691135420993 1.6115674586140922 0
1691135420994 1.5243723528435165 0
1691135420994 1.4343430204209777 0
1691135420995 1.3775194452331831 0
1691135420996 1.3207517878469466 0
1691135420996 1.276608818014787 0
1691135420997 1.2417714264273143 0
1691135420998 1.2076378331748223 0
1691135420999 1.1755015837307616 0
1691135420999 1.1498473190993939 0
1691135421000 1.1265179583041123 0
1691135421001 1.111200656794314 0
1691135421002 1.0952772696643203 0
1691135421002 1.0705873226604923 0
1691135421003 1.0566878169747653 0
1691135421004 1.0478982998616688 0
1691135421004 1.0368284821155416 0
1691135421005 1.0296052625429493 0
1691135421006 1.0222225197740207 0
1691135421007 1.0146230310052264 0
1691135421007 1.0036931404260887 0
1691135421008 0.991826776892788 0
1691135421009 0.9890412219812882 0
1691135421010 0.974491389012762 0
1691135421010 0.9614785210057748 0
1691135421011 0.9546307506117951 0
1691135421012 0.94860226765095 0
1691135421012 0.9449587627036644 0
1691135421013 0.9424884042491616 0
1691135421014 0.9359316504789863 0
1691135421015 0.9338461563173287 0
1691135421015 0.9321332537823086 0
1691135421016 0.9306591798518798 0
1691135421017 0.9245928180376062 0
1691135421017 0.9236976827017026 0
1691135421018 0.9210571068843145 0
1691135421019 0.9186276218173551 0
1691135421019 0.9092467500686101 0
1691135421020 0.9070592702932828 0
1691135421021 0.9051285239949161 0
1691135421022 0.9024702661810411 0
1691135421022 0.901430067120203 0
1691135421023 0.9009158713356183 0
1691135421024 0.8986761655413149 0
1691135421024 0.8971571924637692 0
1691135421025 0.8921855672674543 0
1691135421026 0.8813372070752338 0
1691135421027 0.8785305850933509 0
1691135421028 0.8750121846622684 0
