1691135429032 14396.855724608939 0
1691135429033 11665.030943502969 0
1691135429034 9451.160241743655 0
1691135429035 7657.731176368348 0
1691135429035 6204.682223524063 0
1691135429036 5027.114534934067 0
1691135429037 4073.1264169104115 0
1691135429038 3300.2598306593677 0
1691135429039 2674.000642582405 0
1691135429039 2166.649818880792 0
1691135429040 1755.522367232741 0
1691135429041 1422.4349784227015 0
1691135429042 1152.508802319918 0
1691135429042 933.8365018278087 0
1691135429043 756.6949770712167 0
1691135429044 613.1052425302582 0
1691135429044 496.78968184134897 0
1691135429045 402.5295056587727 0
1691135429046 326.17439267338403 0
1691135429047 264.2893713989581 0
1691135429047 214.15035812916125 0
1691135429048 173.5302185535999 0
1691135429049 140.61700496830989 0
1691135429050 113.94922062440392 0
1691135429050 92.33551635886194 0
1691135429051 74.82393422251388 0
1691135429052 60.63396730738957 0
1691135429052 49.13901512307828 0
1691135429053 39.8224845321555 0
1691135429054 32.272264025085384 0
1691135429054 26.155370984434832 0
1691135429055 21.19821872175452 0
1691135429056 17.18186370429705 0
1691135429056 13.927939424544732 0
1691135429057 11.290558220206838 0
1691135429058 9.153833442355408 0
1691135429059 7.422303569943208 0
1691135429059 6.0191808270021685 0
1691135429060 4.882346111970912 0
1691135429061 3.9611394976684893 0
1691135429062 3.214772682681601 0
1691135429062 2.610007225913794 0
1691135429063 2.11973976624236 0
1691135429064 1.722651977687673 0
1691135429065 1.400757279937638 0
1691135429065 1.1399644261976156 0
1691135429066 0.9286424139498863 0
1691135429067 0.7573604082974378 0
1691135429068 0.6185768639469454 0
1691135429068 0.5060936677482781 0
1691135429069 0.4149672797481179 0
1691135429070 0.3410907267272023 0
1691135429070 0.28116885947165704 0
1691135429071 0.23244231331757842 0
1691135429072 0.19293703869510023 0
1691135429072 0.16092253218361163 0
1691135429073 0.1348678196492673 0
1691135429074 0.11375612202833842 0
1691135429074 0.09657708333383996 0
1691135429075 0.0826379752693428 0
1691135429076 0.0712124753344964 0
1691135429077 0.06192221402677983 0
1691135429077 0.054381325458704215 0
1691135429078 0.04820007205148155 0
1691135429079 0.04308259595609074 0
1691135429079 0.03889188346054108 0
1691135429080 0.03553281542223571 0
1691135429081 0.03266342096776703 0
1691135429082 0.030331280249326624 0
1691135429082 0.028391777028782334 0
1691135429083 0.02674650166139368 0
1691135429084 0.02537811012555611 0
1691135429084 0.0242575973456558 0
1691135429085 0.02327061240828336 0
1691135429086 0.0225324952833184 0
1691135429086 0.02185319682573436 0
1691135429087 0.02116798647927458 0
1691135429088 0.02063597406649595 0
1691135429088 0.020182996931857895 0
1691135429089 0.019727637363562447 0
1691135429090 0.019369106517671666 0
1691135429091 0.01903952226002704 0
1691135429091 0.01875026543108959 0
1691135429092 0.018553712783621393 0
1691135429093 0.0183636570752624 0
1691135429094 0.01803437644242112 0
1691135429094 0.017914443232870225 0
1691135429095 0.017717782554353006 0
1691135429096 0.01755474344841439 0
1691135429097 0.01736967485991263 0
1691135429097 0.017302776667582325 0
1691135429098 0.01717298790798058 0
1691135429099 0.017059941164787536 0
1691135429100 0.016840755248558763 0
1691135429100 0.016748594206552486 0
1691135429101 0.016570796764370534 0
1691135429102 0.016492326770595436 0
1691135429102 0.01642410626195492 0
1691135429103 0.016288022542257453 0
1691135429104 0.01622549609078856 0
