1691135433131 14425.756731730393 0
1691135433132 11702.112125563162 0
1691135433133 9482.395430372575 0
1691135433134 7684.488923995959 0
1691135433135 6241.9056769079625 0
1691135433136 5064.729584308335 0
1691135433137 4107.659777656366 0
1691135433139 3329.8787111014503 0
1691135433140 2698.458530599497 0
1691135433141 2188.5546890891274 0
1691135433142 1774.12314164376 0
1691135433143 1437.8859239087826 0
1691135433144 1165.4094414174622 0
1691135433145 945.3184321335009 0
1691135433146 766.5203881395315 0
1691135433147 621.8949690393014 0
1691135433148 504.17966560984337 0
1691135433149 408.7879592783905 0
1691135433150 331.477065394122 0
1691135433151 268.8688413924978 0
1691135433152 218.4393758076081 0
1691135433153 177.4479143032018 0
1691135433155 144.12055977542784 0
1691135433156 117.00570366636148 0
1691135433157 95.07622037049121 0
1691135433158 77.2422334671945 0
1691135433159 62.86670474666225 0
1691135433160 51.18499940986699 0
1691135433161 41.68207300781691 0
1691135433162 33.97923420220126 0
1691135433163 27.715478809672156 0
1691135433164 22.640096603986198 0
1691135433165 18.517403106469864 0
1691135433166 15.191310339809748 0
1691135433167 12.472018968367783 0
1691135433168 10.265964094722003 0
1691135433169 8.483419973814712 0
1691135433170 7.028203525347971 0
1691135433171 5.851693848564459 0
1691135433172 4.888203474450635 0
1691135433173 4.109875017594205 0
1691135433174 3.476130118982847 0
1691135433175 2.962056816693129 0
1691135433176 2.543996687606521 0
1691135433177 2.2020585339348946 0
1691135433178 1.9255026170093705 0
1691135433179 1.7010173252785072 0
1691135433180 1.5171057766050644 0
1691135433181 1.366010331661289 0
1691135433182 1.244574425141199 0
1691135433183 1.1402726122850433 0
1691135433184 1.057804021254207 0
1691135433185 0.9901084853109372 0
1691135433186 0.9342222913892863 0
1691135433187 0.886264838544833 0
1691135433188 0.8485657357609698 0
1691135433192 0.8134571176259988 0
1691135433193 0.7865143653388924 0
1691135433194 0.7632790752090505 0
1691135433195 0.740237542618512 0
1691135433196 0.720040761283439 0
1691135433197 0.7050143440171953 0
1691135433198 0.6934971922283263 0
1691135433200 0.679984322013718 0
1691135433201 0.6688733395423453 0
1691135433202 0.6584108931510289 0
1691135433203 0.6514383151996427 0
1691135433204 0.6435970395820922 0
1691135433205 0.6275338041147028 0
1691135433206 0.6205850498925017 0
1691135433207 0.6170162491036688 0
1691135433208 0.6099677953786743 0
1691135433210 0.6000789096182028 0
1691135433211 0.5934591545084595 0
1691135433212 0.5845262697698891 0
1691135433213 0.5806989765393732 0
1691135433214 0.5767095857058587 0
1691135433215 0.5748201780084037 0
1691135433216 0.5642829599384734 0
1691135433218 0.5575657038242834 0
1691135433219 0.5541201650499276 0
1691135433220 0.5512387381678613 0
1691135433221 0.5472959772193627 0
1691135433222 0.5440944482870277 0
1691135433223 0.5415922663328757 0
1691135433224 0.5407434275941638 0
1691135433225 0.5340498551859479 0
1691135433226 0.5308245509945212 0
1691135433227 0.5262955107365195 0
1691135433228 0.5221987756042349 0
1691135433230 0.5212082862545022 0
1691135433231 0.519188744767008 0
1691135433232 0.5173078423892317 0
1691135433233 0.5165589898632467 0
1691135433234 0.5120112374866889 0
1691135433235 0.5090438355375739 0
1691135433236 0.5085999287287862 0
1691135433237 0.5072571840332423 0
1691135433238 0.5064671662656703 0
1691135433239 0.5040400103345518 0
